# Format <LP id> <Terminal ID> <Total Data Sent> <Total Data Received> <Avg packet latency> <Max packet Latency> <Min packet Latency> <# Packets finished> <Avg Hops> <Busy Time>
2 0 0 0 -nan 0.000000 2147483647.000000 0 -nan 0.000000
3 1 0 0 -nan 0.000000 2147483647.000000 0 -nan 0.000000
7 2 0 0 -nan 0.000000 2147483647.000000 0 -nan 0.000000
8 3 0 0 -nan 0.000000 2147483647.000000 0 -nan 0.000000
12 4 0 0 -nan 0.000000 2147483647.000000 0 -nan 0.000000
13 5 0 0 -nan 0.000000 2147483647.000000 0 -nan 0.000000
17 6 0 0 -nan 0.000000 2147483647.000000 0 -nan 0.000000
18 7 0 0 -nan 0.000000 2147483647.000000 0 -nan 0.000000
22 8 0 0 -nan 0.000000 2147483647.000000 0 -nan 0.000000
23 9 0 0 -nan 0.000000 2147483647.000000 0 -nan 0.000000
27 10 0 0 -nan 0.000000 2147483647.000000 0 -nan 0.000000
28 11 0 0 -nan 0.000000 2147483647.000000 0 -nan 0.000000
32 12 0 0 -nan 0.000000 2147483647.000000 0 -nan 0.000000
33 13 0 0 -nan 0.000000 2147483647.000000 0 -nan 0.000000
37 14 0 0 -nan 0.000000 2147483647.000000 0 -nan 0.000000
38 15 0 0 -nan 0.000000 2147483647.000000 0 -nan 0.000000
42 16 0 0 -nan 0.000000 2147483647.000000 0 -nan 0.000000
43 17 0 0 -nan 0.000000 2147483647.000000 0 -nan 0.000000
47 18 0 0 -nan 0.000000 2147483647.000000 0 -nan 0.000000
48 19 0 0 -nan 0.000000 2147483647.000000 0 -nan 0.000000
52 20 0 0 -nan 0.000000 2147483647.000000 0 -nan 0.000000
53 21 0 0 -nan 0.000000 2147483647.000000 0 -nan 0.000000
57 22 0 0 -nan 0.000000 2147483647.000000 0 -nan 0.000000
58 23 0 0 -nan 0.000000 2147483647.000000 0 -nan 0.000000
62 24 0 0 -nan 0.000000 2147483647.000000 0 -nan 0.000000
63 25 0 0 -nan 0.000000 2147483647.000000 0 -nan 0.000000
67 26 0 0 -nan 0.000000 2147483647.000000 0 -nan 0.000000
68 27 0 0 -nan 0.000000 2147483647.000000 0 -nan 0.000000
72 28 0 0 -nan 0.000000 2147483647.000000 0 -nan 0.000000
73 29 0 0 -nan 0.000000 2147483647.000000 0 -nan 0.000000
77 30 0 0 -nan 0.000000 2147483647.000000 0 -nan 0.000000
78 31 0 0 -nan 0.000000 2147483647.000000 0 -nan 0.000000
82 32 0 0 -nan 0.000000 2147483647.000000 0 -nan 0.000000
83 33 0 0 -nan 0.000000 2147483647.000000 0 -nan 0.000000
87 34 0 0 -nan 0.000000 2147483647.000000 0 -nan 0.000000
88 35 0 0 -nan 0.000000 2147483647.000000 0 -nan 0.000000
92 36 1592528000 1592528000 24416.006335 273508.417439 104.831539 390800 3.076796 456804109.937186
93 37 1592544000 1592544000 24218.719243 257102.707548 104.968464 392800 3.081965 465369263.232045
97 38 1592528000 1592528000 24715.784567 308614.363784 104.774365 390800 3.063390 468865860.567361
98 39 1592544000 1592544000 24474.729516 288950.028640 104.878927 392800 3.070774 462734741.393573
102 40 1592528000 1592528000 23958.187699 223526.075817 104.755772 390800 2.739765 465570283.039779
103 41 1592544000 1592544000 23598.531433 242945.158119 104.698854 392800 2.741645 457537651.570129
107 42 1592528000 1592528000 23122.758291 234846.482833 104.604951 390800 2.708477 436145766.090197
108 43 1592544000 1592544000 22933.434506 251127.565119 104.972033 392800 2.709840 424850310.744964
112 44 1592540800 1592540800 22590.597608 253329.555917 104.806773 392400 2.774192 464751925.936161
113 45 1592540800 1592540800 22555.480016 269676.552831 105.028976 392400 2.772900 448811937.399077
117 46 1592540800 1592540800 24134.367042 258560.684412 104.919068 392400 2.800201 453240142.307433
118 47 1592540800 1592540800 23841.286625 255299.311460 104.938460 392400 2.798876 459583238.895557
122 48 1592540800 1592540800 27470.195113 339720.931505 104.673722 392400 2.752701 452685716.377796
123 49 1592540800 1592540800 27114.628449 334597.805007 104.845869 392400 2.752492 448502898.692422
127 50 1592540800 1592540800 25945.724135 339841.143314 104.987406 392400 2.725456 444489820.276956
128 51 1592540800 1592540800 25943.756815 343143.452080 104.772422 392400 2.724776 441747792.667683
132 52 1592540800 1592540800 24242.680843 280571.849239 105.021525 392400 2.703183 471369925.178641
133 53 1592540800 1592540800 24027.297610 290690.479529 105.008633 392400 2.703117 464875439.931151
137 54 1592540800 1592540800 23846.535285 282234.851189 104.710886 392400 2.732077 444911343.393525
138 55 1592540800 1592540800 24334.335344 261739.802565 104.886016 392400 2.729011 445736079.226935
142 56 1592540800 1592540800 25623.561068 268945.242346 104.896932 392400 3.045461 476889755.620892
143 57 1592540800 1592540800 25657.756605 250696.474772 105.027840 392400 3.051621 472659492.681570
147 58 1592540800 1592540800 24992.809112 264787.295103 104.962570 392400 3.066927 462752910.419840
148 59 1592540800 1592540800 24904.711728 260444.697661 105.019672 392400 3.069230 450658532.544139
152 60 1592540800 1592540800 26779.311613 257012.633749 104.909913 392400 3.038229 462359001.188542
153 61 1592540800 1592540800 26591.417548 311346.665511 104.811288 392400 3.040183 482401477.696811
157 62 1592540800 1592540800 27206.710620 317232.190919 104.641695 392400 3.048152 451157301.601712
158 63 1592540800 1592540800 27273.221783 304730.773812 105.023028 392400 3.050204 451103455.592713
162 64 1592540800 1592540800 24399.577057 296049.946478 104.805707 392400 2.796613 447123426.279659
163 65 1592540800 1592540800 24256.260285 219499.913374 104.768086 392400 2.797434 450555808.759945
167 66 1592540800 1592540800 23646.058768 251044.958706 104.799707 392400 2.771891 443795281.079237
168 67 1592540800 1592540800 23611.939416 243245.672723 104.996524 392400 2.771320 459516189.404238
172 68 1592540800 1592540800 23276.377990 243071.352110 104.901895 392400 2.741952 465831782.880764
173 69 1592540800 1592540800 23097.775501 274316.487383 105.057445 392400 2.742464 464815813.427641
177 70 1592540800 1592540800 24352.522427 359198.279410 104.853748 392400 2.785915 437593819.430679
178 71 1592540800 1592540800 24386.175691 361412.581064 104.992417 392400 2.788570 438512746.713097
