
 90 36 0 0 3600 3600 1592528000 1592528000 2734820508.554051 626573654.167625 10000.000000 0.000000 0.000000
 91 37 0 1 5600 5600 1592544000 1592544000 2738601454.397246 626573550.425163 10000.000000 0.000000 0.000000
 95 38 0 2 3600 3600 1592528000 1592528000 2732171351.197267 626573862.298851 10000.000000 0.000000 0.000000
 96 39 0 3 5600 5600 1592544000 1592544000 2736931273.907548 626573759.102913 10000.000000 0.000000 0.000000
 100 40 0 4 3600 3600 1592528000 1592528000 2849454650.006197 626573451.332125 10000.000000 0.000000 0.000000
 101 41 0 5 5600 5600 1592544000 1592544000 2849891187.312233 626573343.435836 10000.000000 0.000000 0.000000
 105 42 0 6 3600 3600 1592528000 1592528000 2852271658.464050 626573652.427929 10000.000000 0.000000 0.000000
 106 43 0 7 5600 5600 1592544000 1592544000 2858304762.606935 626573547.615937 10000.000000 0.000000 0.000000
 110 44 0 8 5200 5200 1592540800 1592540800 2952757605.932202 626570433.225832 10000.000000 0.000000 0.000000
 111 45 0 9 5200 5200 1592540800 1592540800 2943487804.645899 626570638.782738 10000.000000 0.000000 0.000000
 115 46 0 10 5200 5200 1592540800 1592540800 2966921631.268674 626570021.758403 10000.000000 0.000000 0.000000
 116 47 0 11 5200 5200 1592540800 1592540800 2967670421.416589 626570226.021399 10000.000000 0.000000 0.000000
 120 48 0 12 5200 5200 1592540800 1592540800 2844135631.301397 626570434.475538 10000.000000 0.000000 0.000000
 121 49 0 13 5200 5200 1592540800 1592540800 2849826674.059148 626570643.004674 10000.000000 0.000000 0.000000
 125 50 0 14 5200 5200 1592540800 1592540800 2834475574.207061 626570120.475363 10000.000000 0.000000 0.000000
 126 51 0 15 5200 5200 1592540800 1592540800 2829370368.682495 626570427.900853 10000.000000 0.000000 0.000000
 130 52 0 16 5200 5200 1592540800 1592540800 2933472376.004684 626570845.573126 10000.000000 0.000000 0.000000
 131 53 0 17 5200 5200 1592540800 1592540800 2945136301.528267 626571051.666391 10000.000000 0.000000 0.000000
 135 54 0 18 5200 5200 1592540800 1592540800 2935375628.548264 626570532.515067 10000.000000 0.000000 0.000000
 136 55 0 19 5200 5200 1592540800 1592540800 2926188490.870377 626570537.783484 10000.000000 0.000000 0.000000
 140 56 0 20 5200 5200 1592540800 1592540800 2929189364.554233 626570432.991233 10000.000000 0.000000 0.000000
 141 57 0 21 5200 5200 1592540800 1592540800 2932359865.031860 626570639.960643 10000.000000 0.000000 0.000000
 145 58 0 22 5200 5200 1592540800 1592540800 2859511051.970161 626570125.608637 10000.000000 0.000000 0.000000
 146 59 0 23 5200 5200 1592540800 1592540800 2855211579.957458 626570427.625026 10000.000000 0.000000 0.000000
 150 60 0 24 5200 5200 1592540800 1592540800 2851230066.086024 626570845.469179 10000.000000 0.000000 0.000000
 151 61 0 25 5200 5200 1592540800 1592540800 2860372275.003769 626571052.087835 10000.000000 0.000000 0.000000
 155 62 0 26 5200 5200 1592540800 1592540800 2839051002.811013 626570536.489627 10000.000000 0.000000 0.000000
 156 63 0 27 5200 5200 1592540800 1592540800 2826857230.642958 626570531.926243 10000.000000 0.000000 0.000000
 160 64 0 28 5200 5200 1592540800 1592540800 2846998111.664855 626570739.129074 10000.000000 0.000000 0.000000
 161 65 0 29 5200 5200 1592540800 1592540800 2856942372.463504 626571155.711463 10000.000000 0.000000 0.000000
 165 66 0 30 5200 5200 1592540800 1592540800 2891154120.708874 626570533.824338 10000.000000 0.000000 0.000000
 166 67 0 31 5200 5200 1592540800 1592540800 2876136106.800955 626571045.580820 10000.000000 0.000000 0.000000
 170 68 0 32 5200 5200 1592540800 1592540800 2944517300.894446 626571256.587811 10000.000000 0.000000 0.000000
 171 69 0 33 5200 5200 1592540800 1592540800 2949590186.588520 626571463.924528 10000.000000 0.000000 0.000000
 175 70 0 34 5200 5200 1592540800 1592540800 2932708237.489170 626570839.409509 10000.000000 0.000000 0.000000
 176 71 0 35 5200 5200 1592540800 1592540800 2923506570.641242 626571048.129287 10000.000000 0.000000 0.000000