# Format <LP id> <Terminal ID> <Total Data Sent> <Total Data Received> <Avg packet latency> <Max packet Latency> <Min packet Latency> <# Packets finished> <Avg Hops> <Busy Time>
2 0 1592528000 1592528000 33806.723394 446006.934718 309.816451 390800 4.491794 543272087.583793
3 1 600004000 600004000 34942.217384 341580.536306 204.799823 147512 3.829227 360723639.189042
7 2 600004800 600004800 43788.742872 720771.675966 204.835119 147612 4.576146 364937495.140295
8 3 600000800 600000800 39329.534244 472661.065758 305.328742 147112 3.994446 410865678.131836
12 4 1592540800 1592540800 32906.832494 489598.349559 309.594510 392400 4.491063 518308302.101743
13 5 600004000 600004000 37587.265455 292407.914419 204.749632 147512 4.142809 352198286.915357
17 6 600004000 600004000 34797.607058 455420.892881 207.997900 147512 3.666129 355683242.250758
18 7 600004000 600004000 39815.678107 296372.043357 305.075549 147512 4.348351 388689416.648323
22 8 600004000 600004000 44328.005208 420505.673981 203.663276 147512 4.467765 370375867.884081
23 9 600004000 600004000 45432.096090 456125.241721 204.165533 147512 4.536661 373765966.851575
27 10 1592544000 1592544000 33732.370893 416453.362295 309.777791 392800 4.141303 503132987.672945
28 11 600004000 600004000 43588.851123 385105.424919 305.662455 147512 4.628281 297472549.821141
32 12 600000800 600000800 48712.742333 546971.581354 102.875890 147112 4.578913 401989802.720308
33 13 600004000 600004000 40517.699465 518141.061881 203.729856 147512 4.301284 368318001.138443
37 14 1592540800 1592540800 32523.991071 470868.767653 309.687066 392400 4.617449 508814215.996507
38 15 600004000 600004000 40962.790510 497784.635890 203.086393 147512 4.110940 335181145.558069
42 16 1592540800 1592540800 32397.633666 377730.361446 207.555448 392400 4.147472 520602910.317605
43 17 1592540800 1592540800 36477.458233 302985.101131 206.951440 392400 4.167217 541208800.204931
47 18 600004800 600004800 40407.966759 328491.766636 305.574709 147612 4.642590 368724328.791326
48 19 1592540800 1592540800 36475.903290 330527.266327 207.308768 392400 4.338756 527142462.109249
52 20 1592544000 1592544000 33211.099346 458466.994038 309.576646 392800 4.674674 516025557.792143
53 21 600004000 600004000 40725.526483 427103.147300 203.888348 147512 4.504556 319947470.292697
57 22 1592540800 1592540800 33270.808941 369376.474462 309.711833 392400 4.434534 481359038.116091
58 23 600004000 600004000 35372.948815 302665.816529 207.653992 147512 3.986943 316085511.896444
62 24 600004800 600004800 43668.004978 365255.203320 103.432745 147612 4.320313 356594219.115040
63 25 600004000 600004000 42728.443159 506097.528566 204.146659 147512 4.570659 362106196.046892
67 26 600004000 600004000 39461.262041 328854.370722 204.211612 147512 4.094799 342628151.895693
68 27 1592540800 1592540800 37025.846349 402276.919047 207.413188 392400 4.461565 508700153.275635
72 28 600004000 600004000 38033.648138 428852.902135 203.912143 147512 4.092474 349370356.544305
73 29 1592540800 1592540800 32240.865489 342881.043645 309.613827 392400 4.453810 503981999.583986
77 30 1592540800 1592540800 40125.427850 395831.214829 207.216003 392400 4.519080 519783388.480093
78 31 1592528000 1592528000 34598.779905 437941.374510 309.185605 390800 4.599611 522809563.796384
82 32 600004000 600004000 42268.829294 353483.811262 305.443874 147512 4.674142 347133881.955646
83 33 1592540800 1592540800 31099.884131 396099.886278 207.209655 392400 4.032533 496750140.457299
87 34 1592540800 1592540800 36639.040464 448170.992880 207.223336 392400 4.604345 535483684.458518
88 35 1592540800 1592540800 39271.605155 412867.363614 309.751927 392400 4.435431 508861860.510978
92 36 1592540800 1592540800 38022.043178 364187.314584 310.109623 392400 4.164365 517324914.505615
93 37 1592540800 1592540800 28568.971072 505272.154998 207.464865 392400 3.567752 542379716.071706
97 38 600000800 600000800 40784.333153 433299.035781 203.894911 147112 4.137868 334596894.978559
98 39 600004000 600004000 46770.826113 347921.868809 208.017495 147512 4.881596 353951290.722445
102 40 1592544000 1592544000 30316.422272 362204.810336 104.803799 392800 3.704674 496332676.553113
103 41 1592528000 1592528000 32525.358187 397997.362323 104.731762 390800 3.647999 498981974.695652
107 42 1592544000 1592544000 38658.556037 441866.387828 309.431220 392800 4.723460 510834255.949968
108 43 1592540800 1592540800 36338.899030 376876.241415 207.237651 392400 3.993010 516442536.408809
112 44 1592540800 1592540800 41880.952782 413416.264514 309.693331 392400 4.502599 480294112.089932
113 45 600004000 600004000 39944.049789 423649.134780 305.109429 147512 4.508603 340333484.709715
117 46 600004000 600004000 38400.486065 351214.728203 304.980269 147512 4.427219 344895698.183630
118 47 1592540800 1592540800 34775.060030 429682.448504 207.086920 392400 3.788782 488068599.064616
122 48 600004000 600004000 33068.868294 358538.247399 203.996992 147512 3.694432 375633234.172629
123 49 600004000 600004000 28384.642667 300497.496467 103.050675 147512 3.362343 352700676.627053
127 50 1592540800 1592540800 36341.382515 441996.913607 207.376223 392400 3.885094 535267437.985251
128 51 1592540800 1592540800 34121.553312 483639.247414 310.009670 392400 4.577762 530728176.095765
132 52 600004000 600004000 39414.316617 386110.067689 305.575577 147512 4.185531 361661200.235152
133 53 1592540800 1592540800 36355.893404 509000.128830 207.161014 392400 4.444521 516778282.888234
137 54 1592540800 1592540800 33908.420169 535477.089151 207.176864 392400 3.604393 508497642.714243
138 55 600004000 600004000 38649.548976 335385.998970 304.892724 147512 4.559636 330365749.249858
142 56 1592540800 1592540800 34138.570877 341049.728545 207.096642 392400 3.670930 541762093.551196
143 57 1592528000 1592528000 33349.116666 502237.951708 309.963244 390800 4.417705 503516157.760500
147 58 1592540800 1592540800 29218.627541 367957.031931 104.895651 392400 3.475196 503682436.660832
148 59 1592540800 1592540800 35015.275282 409063.647973 104.902073 392400 3.749419 509548438.984656
152 60 1592540800 1592540800 31906.488554 373689.062240 207.633003 392400 4.476465 499681992.607002
153 61 600004000 600004000 38526.169176 404979.859396 305.154032 147512 4.392951 363370222.961387
157 62 600004000 600004000 38584.241094 370062.796228 304.852334 147512 4.482401 363682612.344353
158 63 1592540800 1592540800 38216.885280 499845.766688 207.226893 392400 4.226124 531574227.791962
162 64 1592540800 1592540800 32325.499030 410273.266142 206.677598 392400 3.795935 501250257.353361
163 65 600000800 600000800 35906.265505 471821.462216 304.358445 147112 3.665643 383543648.766213
167 66 1592540800 1592540800 28830.005792 392581.141869 207.139492 392400 3.796883 540074492.339502
168 67 600004000 600004000 33286.476563 337250.935086 204.141482 147512 3.690059 351825890.127512
172 68 600004000 600004000 39249.271487 333736.886577 304.431725 147512 4.417539 394600859.458081
173 69 600004000 600004000 35842.775317 442008.787196 207.586805 147512 4.195672 365695632.767474
177 70 600004800 600004800 34229.424006 377918.083528 204.464943 147612 3.589613 371140134.498883
178 71 600004000 600004000 34627.215692 261853.785491 203.693212 147512 3.776066 351899758.459357
