# Format <LP ID> <Terminal ID> <Job ID> <Local Rank> <Total sends> <Total Recvs> <Bytes sent> <Bytes recvd> <Send time> <Comm. time> <Compute time> <Avg msg time> <Max Msg Time>
 0 0 1 0 3600 3600 1592528000 1592528000 2808556199.543661 657530969.325251 10000.000000 0.000000 0.000000
 1 1 0 19 1112 1112 600004000 600004000 1059962130.215764 291577932.433571 200000000.000000 0.000000 0.000000
 5 2 0 3 1212 1212 600004800 600004800 1039241052.290848 291577729.540334 200000000.000000 0.000000 0.000000
 6 3 0 6 712 712 600000800 600000800 1024995810.857016 291577320.974551 200000000.000000 0.000000 0.000000
 10 4 1 10 5200 5200 1592540800 1592540800 2716499399.605383 657527235.727600 10000.000000 0.000000 0.000000
 11 5 0 23 1112 1112 600004000 600004000 1000109915.726047 291578131.420989 200000000.000000 0.000000 0.000000
 15 6 0 18 1112 1112 600004000 600004000 978877436.982610 291577624.327936 200000000.000000 0.000000 0.000000
 16 7 0 28 1112 1112 600004000 600004000 1008933219.130023 291577921.973673 200000000.000000 0.000000 0.000000
 20 8 0 14 1112 1112 600004000 600004000 1026232303.923141 291577526.589719 200000000.000000 0.000000 0.000000
 21 9 0 27 1112 1112 600004000 600004000 995952366.530670 291578438.423368 200000000.000000 0.000000 0.000000
 25 10 1 3 5600 5600 1592544000 1592544000 2810628051.898235 657530970.386715 10000.000000 0.000000 0.000000
 26 11 0 9 1112 1112 600004000 600004000 982900112.550806 291577628.247525 200000000.000000 0.000000 0.000000
 30 12 0 0 712 712 600000800 600000800 1045069195.241309 291577000.127040 200000000.000000 0.000000 0.000000
 31 13 0 34 1112 1112 600004000 600004000 1088285336.058270 291577523.715259 200000000.000000 0.000000 0.000000
 35 14 1 20 5200 5200 1592540800 1592540800 2840707413.536306 657527544.876843 10000.000000 0.000000 0.000000
 36 15 0 30 1112 1112 600004000 600004000 1000475151.383469 291577726.843749 200000000.000000 0.000000 0.000000
 40 16 1 23 5200 5200 1592540800 1592540800 3039211314.607327 657527547.396549 10000.000000 0.000000 0.000000
 41 17 1 32 5200 5200 1592540800 1592540800 3084763815.246516 657528267.777904 10000.000000 0.000000 0.000000
 45 18 0 5 1212 1212 600004800 600004800 1102098337.617314 291577427.383518 200000000.000000 0.000000 0.000000
 46 19 1 28 5200 5200 1592540800 1592540800 3022674461.554005 657527850.017884 10000.000000 0.000000 0.000000
 50 20 1 5 5600 5600 1592544000 1592544000 2925078785.517698 657530345.120768 10000.000000 0.000000 0.000000
 51 21 0 13 1112 1112 600004000 600004000 1035308124.003541 291577829.898581 200000000.000000 0.000000 0.000000
 55 22 1 11 5200 5200 1592540800 1592540800 2809571499.843065 657527544.305528 10000.000000 0.000000 0.000000
 56 23 0 26 1112 1112 600004000 600004000 944469677.614189 291577825.485436 200000000.000000 0.000000 0.000000
 60 24 0 1 1212 1212 600004800 600004800 1045270566.508037 291577622.872150 200000000.000000 0.000000 0.000000
 61 25 0 35 1112 1112 600004000 600004000 1054829008.750726 291577816.212214 200000000.000000 0.000000 0.000000
 65 26 0 29 1112 1112 600004000 600004000 1026867090.157470 291578028.828348 200000000.000000 0.000000 0.000000
 66 27 1 30 5200 5200 1592540800 1592540800 2898307963.289531 657527638.033468 10000.000000 0.000000 0.000000
 70 28 0 33 1112 1112 600004000 600004000 1017679345.872244 291577827.776500 200000000.000000 0.000000 0.000000
 71 29 1 33 5200 5200 1592540800 1592540800 2845572062.511444 657528472.502501 10000.000000 0.000000 0.000000
 75 30 1 27 5200 5200 1592540800 1592540800 2945657199.586157 657527852.839336 10000.000000 0.000000 0.000000
 76 31 1 2 3600 3600 1592528000 1592528000 2953307293.070674 657531280.951599 10000.000000 0.000000 0.000000
 80 32 0 22 1112 1112 600004000 600004000 1011916673.430264 291577725.197469 200000000.000000 0.000000 0.000000
 81 33 1 12 5200 5200 1592540800 1592540800 2883738581.789380 657527439.609444 10000.000000 0.000000 0.000000
 85 34 1 31 5200 5200 1592540800 1592540800 3026242211.938671 657527746.830077 10000.000000 0.000000 0.000000
 86 35 1 21 5200 5200 1592540800 1592540800 2942857947.388541 657527749.884170 10000.000000 0.000000 0.000000
 90 36 1 26 5200 5200 1592540800 1592540800 2950367599.575174 657527543.478012 10000.000000 0.000000 0.000000
 91 37 1 14 5200 5200 1592540800 1592540800 3060696487.384304 657527228.528148 10000.000000 0.000000 0.000000
 95 38 0 2 712 712 600000800 600000800 1001577348.398724 291577220.554174 200000000.000000 0.000000 0.000000
 96 39 0 8 1112 1112 600004000 600004000 1032035740.202189 291577219.665147 200000000.000000 0.000000 0.000000
 100 40 1 7 5600 5600 1592544000 1592544000 2894327954.334313 657530668.479414 10000.000000 0.000000 0.000000
 101 41 1 6 3600 3600 1592528000 1592528000 2839783123.885322 657530772.357963 10000.000000 0.000000 0.000000
 105 42 1 1 5600 5600 1592544000 1592544000 3066107252.066617 657530660.272728 10000.000000 0.000000 0.000000
 106 43 1 17 5200 5200 1592540800 1592540800 3006332438.595984 657528056.627235 10000.000000 0.000000 0.000000
 110 44 1 22 5200 5200 1592540800 1592540800 2833666111.446681 657527124.430667 10000.000000 0.000000 0.000000
 111 45 0 15 1112 1112 600004000 600004000 979549088.473283 291577819.066173 200000000.000000 0.000000 0.000000
 115 46 0 25 1112 1112 600004000 600004000 974473018.110264 291577931.104879 200000000.000000 0.000000 0.000000
 116 47 1 16 5200 5200 1592540800 1592540800 2881710069.672753 657527858.518654 10000.000000 0.000000 0.000000
 120 48 0 12 1112 1112 600004000 600004000 991154491.839417 291577414.821148 200000000.000000 0.000000 0.000000
 121 49 0 20 1112 1112 600004000 600004000 931391453.697799 291577414.958451 200000000.000000 0.000000 0.000000
 125 50 1 19 5200 5200 1592540800 1592540800 3153315077.795218 657527954.898829 10000.000000 0.000000 0.000000
 126 51 1 29 5200 5200 1592540800 1592540800 3128009395.877818 657528162.793966 10000.000000 0.000000 0.000000
 130 52 0 32 1112 1112 600004000 600004000 938144019.818108 291577517.378540 200000000.000000 0.000000 0.000000
 131 53 1 34 5200 5200 1592540800 1592540800 2817771125.664665 657527747.766069 10000.000000 0.000000 0.000000
 135 54 1 18 5200 5200 1592540800 1592540800 2958829071.146261 657527543.192670 10000.000000 0.000000 0.000000
 136 55 0 17 1112 1112 600004000 600004000 979759288.821126 291577830.667451 200000000.000000 0.000000 0.000000
 140 56 1 25 5200 5200 1592540800 1592540800 3109871079.922935 657528060.410344 10000.000000 0.000000 0.000000
 141 57 1 4 3600 3600 1592528000 1592528000 2863240917.432539 657530654.040972 10000.000000 0.000000 0.000000
 145 58 1 13 5200 5200 1592540800 1592540800 2891550586.831946 657527754.323139 10000.000000 0.000000 0.000000
 146 59 1 15 5200 5200 1592540800 1592540800 2804798085.437129 657527440.895344 10000.000000 0.000000 0.000000
 150 60 1 35 5200 5200 1592540800 1592540800 2828905375.869653 657528366.636361 10000.000000 0.000000 0.000000
 151 61 0 24 1112 1112 600004000 600004000 974955202.174371 291577522.697659 200000000.000000 0.000000 0.000000
 155 62 0 31 1112 1112 600004000 600004000 1041129967.410741 291578221.756144 200000000.000000 0.000000 0.000000
 156 63 1 24 5200 5200 1592540800 1592540800 3331947504.168977 657527856.424110 10000.000000 0.000000 0.000000
 160 64 1 9 5200 5200 1592540800 1592540800 2775198123.863572 657527755.590462 10000.000000 0.000000 0.000000
 161 65 0 4 712 712 600000800 600000800 971487652.795632 291577213.951915 200000000.000000 0.000000 0.000000
 165 66 1 8 5200 5200 1592540800 1592540800 2805062940.115925 657527445.631906 10000.000000 0.000000 0.000000
 166 67 0 11 1112 1112 600004000 600004000 973596976.937095 291578136.663581 200000000.000000 0.000000 0.000000
 170 68 0 21 1112 1112 600004000 600004000 978934871.143084 291577628.270098 200000000.000000 0.000000 0.000000
 171 69 0 10 1112 1112 600004000 600004000 978898984.828575 291577729.709558 200000000.000000 0.000000 0.000000
 175 70 0 7 1212 1212 600004800 600004800 1007089462.869929 291577524.234030 200000000.000000 0.000000 0.000000
 176 71 0 16 1112 1112 600004000 600004000 994471519.938591 291577318.755586 200000000.000000 0.000000 0.000000