# Format <LP id> <Terminal ID> <Total Data Sent> <Total Data Received> <Avg packet latency> <Max packet Latency> <Min packet Latency> <# Packets finished> <Avg Hops> <Busy Time>
2 0 600000800 600000800 27010.670809 555992.622181 105.179588 147112 3.224278 341313260.448860
3 1 600004800 600004800 27199.727297 508398.636176 103.802616 147612 3.219115 350854884.174104
7 2 600000800 600000800 24746.489635 415402.032342 104.987215 147112 3.151096 304072525.308238
8 3 600004800 600004800 25161.647705 417437.570322 102.995494 147612 3.152461 329965120.597418
12 4 600000800 600000800 23304.259588 431661.160668 104.663899 147112 3.180611 331281892.620155
13 5 600004800 600004800 24353.257876 386404.925122 102.788778 147612 3.184484 340712218.023311
17 6 600000800 600000800 24202.898273 360038.047121 104.908430 147112 3.241102 355206847.958653
18 7 600004800 600004800 23933.603502 375291.688227 103.061180 147612 3.240536 349974217.616557
22 8 600004000 600004000 29627.725402 440491.289153 105.050878 147512 3.588501 368965651.805107
23 9 600004000 600004000 31003.615375 550023.259588 102.824312 147512 3.593450 370035687.865354
27 10 600004000 600004000 32179.646901 561439.000759 104.913058 147512 3.569032 325043262.054635
28 11 600004000 600004000 33425.750998 561306.012293 103.370049 147512 3.563649 336105861.176019
32 12 600004000 600004000 30625.973660 360328.850528 105.078376 147512 3.578766 338279913.975245
33 13 600004000 600004000 30820.886513 325334.597198 103.579775 147512 3.574306 328755807.338143
37 14 600004000 600004000 30301.720287 393772.657004 104.910048 147512 3.534472 323470836.319787
38 15 600004000 600004000 30419.070002 402262.799427 102.978371 147512 3.536817 310299023.741862
42 16 600004000 600004000 27320.176373 345205.316525 104.976286 147512 3.124397 372987587.222017
43 17 600004000 600004000 27952.600471 343710.617388 102.513866 147512 3.121163 368901447.068354
47 18 600004000 600004000 25727.457696 376925.325982 104.944943 147512 3.109164 369175154.715718
48 19 600004000 600004000 26492.221167 363149.542782 102.807471 147512 3.114038 372300783.240744
52 20 600004000 600004000 26041.734828 393390.170956 104.995191 147512 3.124539 406489254.964700
53 21 600004000 600004000 26655.619466 403284.743119 103.077042 147512 3.131589 399886158.069465
57 22 600004000 600004000 27779.214774 359811.498818 104.925867 147512 3.162516 358860607.593440
58 23 600004000 600004000 28475.097591 370277.371952 103.049926 147512 3.151466 355707856.427598
62 24 600004000 600004000 28380.022911 395029.902692 105.105495 147512 3.228212 364188438.358893
63 25 600004000 600004000 30156.476421 420368.407462 102.920068 147512 3.230863 348518860.746970
67 26 600004000 600004000 26031.852652 480425.682743 104.984193 147512 3.168908 359616714.391208
68 27 600004000 600004000 27134.894841 474555.288524 102.526617 147512 3.163451 332015718.395065
72 28 600004000 600004000 24691.665735 430635.466253 105.406477 147512 3.131108 396831394.299776
73 29 600004000 600004000 24098.412030 435653.967173 103.209006 147512 3.129257 386350561.874195
77 30 600004000 600004000 25323.889402 427566.580355 104.994909 147512 3.191700 358352411.697955
78 31 600004000 600004000 24903.198568 415099.958661 102.306134 147512 3.194072 354969598.282566
82 32 600004000 600004000 24994.258288 366242.727826 105.187038 147512 3.603537 342956403.820636
83 33 600004000 600004000 26101.868271 379319.676699 103.132779 147512 3.612452 331426313.515605
87 34 600004000 600004000 26127.332070 342665.737221 104.940318 147512 3.606696 291175109.109008
88 35 600004000 600004000 26939.875105 364994.439366 102.693884 147512 3.611469 330971980.160201
92 36 0 0 -nan 0.000000 2147483647.000000 0 -nan 0.000000
93 37 0 0 -nan 0.000000 2147483647.000000 0 -nan 0.000000
97 38 0 0 -nan 0.000000 2147483647.000000 0 -nan 0.000000
98 39 0 0 -nan 0.000000 2147483647.000000 0 -nan 0.000000
102 40 0 0 -nan 0.000000 2147483647.000000 0 -nan 0.000000
103 41 0 0 -nan 0.000000 2147483647.000000 0 -nan 0.000000
107 42 0 0 -nan 0.000000 2147483647.000000 0 -nan 0.000000
108 43 0 0 -nan 0.000000 2147483647.000000 0 -nan 0.000000
112 44 0 0 -nan 0.000000 2147483647.000000 0 -nan 0.000000
113 45 0 0 -nan 0.000000 2147483647.000000 0 -nan 0.000000
117 46 0 0 -nan 0.000000 2147483647.000000 0 -nan 0.000000
118 47 0 0 -nan 0.000000 2147483647.000000 0 -nan 0.000000
122 48 0 0 -nan 0.000000 2147483647.000000 0 -nan 0.000000
123 49 0 0 -nan 0.000000 2147483647.000000 0 -nan 0.000000
127 50 0 0 -nan 0.000000 2147483647.000000 0 -nan 0.000000
128 51 0 0 -nan 0.000000 2147483647.000000 0 -nan 0.000000
132 52 0 0 -nan 0.000000 2147483647.000000 0 -nan 0.000000
133 53 0 0 -nan 0.000000 2147483647.000000 0 -nan 0.000000
137 54 0 0 -nan 0.000000 2147483647.000000 0 -nan 0.000000
138 55 0 0 -nan 0.000000 2147483647.000000 0 -nan 0.000000
142 56 0 0 -nan 0.000000 2147483647.000000 0 -nan 0.000000
143 57 0 0 -nan 0.000000 2147483647.000000 0 -nan 0.000000
147 58 0 0 -nan 0.000000 2147483647.000000 0 -nan 0.000000
148 59 0 0 -nan 0.000000 2147483647.000000 0 -nan 0.000000
152 60 0 0 -nan 0.000000 2147483647.000000 0 -nan 0.000000
153 61 0 0 -nan 0.000000 2147483647.000000 0 -nan 0.000000
157 62 0 0 -nan 0.000000 2147483647.000000 0 -nan 0.000000
158 63 0 0 -nan 0.000000 2147483647.000000 0 -nan 0.000000
162 64 0 0 -nan 0.000000 2147483647.000000 0 -nan 0.000000
163 65 0 0 -nan 0.000000 2147483647.000000 0 -nan 0.000000
167 66 0 0 -nan 0.000000 2147483647.000000 0 -nan 0.000000
168 67 0 0 -nan 0.000000 2147483647.000000 0 -nan 0.000000
172 68 0 0 -nan 0.000000 2147483647.000000 0 -nan 0.000000
173 69 0 0 -nan 0.000000 2147483647.000000 0 -nan 0.000000
177 70 0 0 -nan 0.000000 2147483647.000000 0 -nan 0.000000
178 71 0 0 -nan 0.000000 2147483647.000000 0 -nan 0.000000
