# Format <LP ID> <Terminal ID> <Job ID> <Local Rank> <Total sends> <Total Recvs> <Bytes sent> <Bytes recvd> <Send time> <Comm. time> <Compute time> <Avg msg time> <Max Msg Time>
 0 0 0 0 712 712 600000800 600000800 886814457.801976 268970882.282122 200000000.000000 0.000000 0.000000
 1 1 0 1 1212 1212 600004800 600004800 882600358.474806 268971077.172170 200000000.000000 0.000000 0.000000
 5 2 0 2 712 712 600000800 600000800 885986946.802416 268970874.534164 200000000.000000 0.000000 0.000000
 6 3 0 3 1212 1212 600004800 600004800 880461364.832401 268970275.269826 200000000.000000 0.000000 0.000000
 10 4 0 4 712 712 600000800 600000800 921845816.827656 268970774.756399 200000000.000000 0.000000 0.000000
 11 5 0 5 1212 1212 600004800 600004800 918050798.024565 268970877.292542 200000000.000000 0.000000 0.000000
 15 6 0 6 712 712 600000800 600000800 933103225.643865 268970880.504239 200000000.000000 0.000000 0.000000
 16 7 0 7 1212 1212 600004800 600004800 920758132.588056 268970778.017292 200000000.000000 0.000000 0.000000
 20 8 0 8 1112 1112 600004000 600004000 888574764.092044 268970572.188546 200000000.000000 0.000000 0.000000
 21 9 0 9 1112 1112 600004000 600004000 886486549.823639 268970772.048423 200000000.000000 0.000000 0.000000
 25 10 0 10 1112 1112 600004000 600004000 886009072.773473 268970779.380489 200000000.000000 0.000000 0.000000
 26 11 0 11 1112 1112 600004000 600004000 872583180.228362 268970777.065914 200000000.000000 0.000000 0.000000
 30 12 0 12 1112 1112 600004000 600004000 888670988.091859 268971378.116816 200000000.000000 0.000000 0.000000
 31 13 0 13 1112 1112 600004000 600004000 869554736.148551 268971179.022529 200000000.000000 0.000000 0.000000
 35 14 0 14 1112 1112 600004000 600004000 884673304.753746 268971282.544029 200000000.000000 0.000000 0.000000
 36 15 0 15 1112 1112 600004000 600004000 866576936.493356 268970880.515440 200000000.000000 0.000000 0.000000
 40 16 0 16 1112 1112 600004000 600004000 918199070.128118 268970874.402256 200000000.000000 0.000000 0.000000
 41 17 0 17 1112 1112 600004000 600004000 902135951.118703 268970977.635795 200000000.000000 0.000000 0.000000
 45 18 0 18 1112 1112 600004000 600004000 921913236.658647 268970881.409891 200000000.000000 0.000000 0.000000
 46 19 0 19 1112 1112 600004000 600004000 905378998.995276 268970880.702215 200000000.000000 0.000000 0.000000
 50 20 0 20 1112 1112 600004000 600004000 991337379.480366 268971073.548679 200000000.000000 0.000000 0.000000
 51 21 0 21 1112 1112 600004000 600004000 963230543.173979 268971180.078988 200000000.000000 0.000000 0.000000
 55 22 0 22 1112 1112 600004000 600004000 961802874.717133 268971486.562394 200000000.000000 0.000000 0.000000
 56 23 0 23 1112 1112 600004000 600004000 944747310.983226 268971180.459685 200000000.000000 0.000000 0.000000
 60 24 0 24 1112 1112 600004000 600004000 900523458.469482 268970978.643740 200000000.000000 0.000000 0.000000
 61 25 0 25 1112 1112 600004000 600004000 878788901.344752 268971175.241173 200000000.000000 0.000000 0.000000
 65 26 0 26 1112 1112 600004000 600004000 903593309.452340 268971081.947277 200000000.000000 0.000000 0.000000
 66 27 0 27 1112 1112 600004000 600004000 882027180.298621 268971082.418856 200000000.000000 0.000000 0.000000
 70 28 0 28 1112 1112 600004000 600004000 969498888.685133 268971684.094583 200000000.000000 0.000000 0.000000
 71 29 0 29 1112 1112 600004000 600004000 963808775.873225 268971482.943749 200000000.000000 0.000000 0.000000
 75 30 0 30 1112 1112 600004000 600004000 940258858.889357 268971687.332763 200000000.000000 0.000000 0.000000
 76 31 0 31 1112 1112 600004000 600004000 938816013.893977 268971282.008943 200000000.000000 0.000000 0.000000
 80 32 0 32 1112 1112 600004000 600004000 854619688.643043 268971284.620419 200000000.000000 0.000000 0.000000
 81 33 0 33 1112 1112 600004000 600004000 829378104.195555 268971482.231637 200000000.000000 0.000000 0.000000
 85 34 0 34 1112 1112 600004000 600004000 858747473.474165 268971283.734519 200000000.000000 0.000000 0.000000
 86 35 0 35 1112 1112 600004000 600004000 839610253.939957 268970877.716827 200000000.000000 0.000000 0.000000