# Format <LP id> <Terminal ID> <Total Data Sent> <Total Data Received> <Avg packet latency> <Max packet Latency> <Min packet Latency> <# Packets finished> <Avg Hops> <Busy Time>
2 0 1592528000 1592528000 28718.072236 344105.068525 309.570592 390800 4.479222 534194840.548504
3 1 0 0 -nan 0.000000 2147483647.000000 0 -nan 0.000000
7 2 0 0 -nan 0.000000 2147483647.000000 0 -nan 0.000000
8 3 0 0 -nan 0.000000 2147483647.000000 0 -nan 0.000000
12 4 1592540800 1592540800 29367.815548 326991.047284 309.571306 392400 4.510428 499022862.621070
13 5 0 0 -nan 0.000000 2147483647.000000 0 -nan 0.000000
17 6 0 0 -nan 0.000000 2147483647.000000 0 -nan 0.000000
18 7 0 0 -nan 0.000000 2147483647.000000 0 -nan 0.000000
22 8 0 0 -nan 0.000000 2147483647.000000 0 -nan 0.000000
23 9 0 0 -nan 0.000000 2147483647.000000 0 -nan 0.000000
27 10 1592544000 1592544000 29163.545117 376989.646989 309.548507 392800 4.091212 492991169.715264
28 11 0 0 -nan 0.000000 2147483647.000000 0 -nan 0.000000
32 12 0 0 -nan 0.000000 2147483647.000000 0 -nan 0.000000
33 13 0 0 -nan 0.000000 2147483647.000000 0 -nan 0.000000
37 14 1592540800 1592540800 27344.428343 294341.538196 309.989853 392400 4.613642 505367012.425366
38 15 0 0 -nan 0.000000 2147483647.000000 0 -nan 0.000000
42 16 1592540800 1592540800 29942.781545 338858.739889 207.463162 392400 4.196096 504922903.421338
43 17 1592540800 1592540800 33590.048030 309672.277431 207.298415 392400 4.204913 526324533.539777
47 18 0 0 -nan 0.000000 2147483647.000000 0 -nan 0.000000
48 19 1592540800 1592540800 35023.620175 345788.715889 207.219263 392400 4.408930 512849597.584512
52 20 1592544000 1592544000 30800.071650 323818.832847 309.531001 392800 4.714236 496925049.834655
53 21 0 0 -nan 0.000000 2147483647.000000 0 -nan 0.000000
57 22 1592540800 1592540800 31567.391979 320394.695472 310.048408 392400 4.514959 454552501.076060
58 23 0 0 -nan 0.000000 2147483647.000000 0 -nan 0.000000
62 24 0 0 -nan 0.000000 2147483647.000000 0 -nan 0.000000
63 25 0 0 -nan 0.000000 2147483647.000000 0 -nan 0.000000
67 26 0 0 -nan 0.000000 2147483647.000000 0 -nan 0.000000
68 27 1592540800 1592540800 34055.394539 397127.929438 207.461987 392400 4.441705 494621433.913405
72 28 0 0 -nan 0.000000 2147483647.000000 0 -nan 0.000000
73 29 1592540800 1592540800 28513.866696 338568.819003 309.820339 392400 4.478863 484593932.257679
77 30 1592540800 1592540800 36791.925480 342585.764273 207.423617 392400 4.529264 508273767.408760
78 31 1592528000 1592528000 32057.911637 350442.617469 309.562242 390800 4.607155 505659329.416422
82 32 0 0 -nan 0.000000 2147483647.000000 0 -nan 0.000000
83 33 1592540800 1592540800 28867.102183 358907.231272 206.861551 392400 4.059475 489565718.219604
87 34 1592540800 1592540800 35343.453624 386461.154377 207.491407 392400 4.630736 517119396.447611
88 35 1592540800 1592540800 37351.783605 360856.251963 309.728423 392400 4.434207 488043353.071172
92 36 1592540800 1592540800 39200.766009 383277.870723 309.775702 392400 4.186292 500454334.614009
93 37 1592540800 1592540800 27113.422548 354841.242565 207.125953 392400 3.583835 505857318.833038
97 38 0 0 -nan 0.000000 2147483647.000000 0 -nan 0.000000
98 39 0 0 -nan 0.000000 2147483647.000000 0 -nan 0.000000
102 40 1592544000 1592544000 29196.969591 347581.196524 104.885341 392800 3.746942 476147641.264917
103 41 1592528000 1592528000 32266.693492 418004.460227 104.775564 390800 3.700064 492600218.416829
107 42 1592544000 1592544000 38650.791266 421741.187039 309.690834 392800 4.798315 482031047.558110
108 43 1592540800 1592540800 36032.693771 348237.822963 207.502313 392400 4.001282 493813345.457762
112 44 1592540800 1592540800 39884.630051 416733.334380 309.625745 392400 4.574393 465347081.665592
113 45 0 0 -nan 0.000000 2147483647.000000 0 -nan 0.000000
117 46 0 0 -nan 0.000000 2147483647.000000 0 -nan 0.000000
118 47 1592540800 1592540800 35205.093866 396576.966626 207.334150 392400 3.839888 471790829.351627
122 48 0 0 -nan 0.000000 2147483647.000000 0 -nan 0.000000
123 49 0 0 -nan 0.000000 2147483647.000000 0 -nan 0.000000
127 50 1592540800 1592540800 35851.104958 395652.788315 207.064592 392400 3.870971 518261201.914335
128 51 1592540800 1592540800 32421.843027 375913.345936 309.565332 392400 4.591264 523327580.680806
132 52 0 0 -nan 0.000000 2147483647.000000 0 -nan 0.000000
133 53 1592540800 1592540800 33454.280309 447881.179521 206.821455 392400 4.468909 510937953.399938
137 54 1592540800 1592540800 32099.648361 485099.056805 206.969260 392400 3.601993 500345818.023568
138 55 0 0 -nan 0.000000 2147483647.000000 0 -nan 0.000000
142 56 1592540800 1592540800 33989.246052 343252.076848 207.127056 392400 3.670329 517057359.443684
143 57 1592528000 1592528000 31394.835275 433895.410047 309.729227 390800 4.470072 489119443.471887
147 58 1592540800 1592540800 28283.148057 347970.181127 104.678907 392400 3.483930 488552645.334990
148 59 1592540800 1592540800 34254.988912 426357.864661 104.776327 392400 3.782260 493173370.524784
152 60 1592540800 1592540800 28806.395110 359684.861092 207.382393 392400 4.519452 490043174.528600
153 61 0 0 -nan 0.000000 2147483647.000000 0 -nan 0.000000
157 62 0 0 -nan 0.000000 2147483647.000000 0 -nan 0.000000
158 63 1592540800 1592540800 37383.868468 422419.470307 207.268106 392400 4.288874 506039202.931813
162 64 1592540800 1592540800 30187.665999 386874.552958 207.313593 392400 3.792890 490742969.117785
163 65 0 0 -nan 0.000000 2147483647.000000 0 -nan 0.000000
167 66 1592540800 1592540800 25137.728237 324690.320746 207.177094 392400 3.783787 519661518.176789
168 67 0 0 -nan 0.000000 2147483647.000000 0 -nan 0.000000
172 68 0 0 -nan 0.000000 2147483647.000000 0 -nan 0.000000
173 69 0 0 -nan 0.000000 2147483647.000000 0 -nan 0.000000
177 70 0 0 -nan 0.000000 2147483647.000000 0 -nan 0.000000
178 71 0 0 -nan 0.000000 2147483647.000000 0 -nan 0.000000
