# Format <LP ID> <Terminal ID> <Job ID> <Local Rank> <Total sends> <Total Recvs> <Bytes sent> <Bytes recvd> <Send time> <Comm. time> <Compute time> <Avg msg time> <Max Msg Time>
 0 0 0 0 3600 3600 1592528000 1592528000 2600664626.624667 603594160.610554 10000.000000 0.000000 0.000000
 10 4 0 10 5200 5200 1592540800 1592540800 2528381971.172582 603591148.862081 10000.000000 0.000000 0.000000
 25 10 0 3 5600 5600 1592544000 1592544000 2618282811.011926 603593552.001559 10000.000000 0.000000 0.000000
 35 14 0 20 5200 5200 1592540800 1592540800 2596216060.456742 603590735.148759 10000.000000 0.000000 0.000000
 40 16 0 23 5200 5200 1592540800 1592540800 2894668411.383308 603590747.524797 10000.000000 0.000000 0.000000
 41 17 0 32 5200 5200 1592540800 1592540800 2912340490.526759 603591454.473582 10000.000000 0.000000 0.000000
 46 19 0 28 5200 5200 1592540800 1592540800 2875296456.024425 603591040.860577 10000.000000 0.000000 0.000000
 50 20 0 5 5600 5600 1592544000 1592544000 2707934578.454746 603594262.273156 10000.000000 0.000000 0.000000
 55 22 0 11 5200 5200 1592540800 1592540800 2643024984.204575 603590741.311926 10000.000000 0.000000 0.000000
 66 27 0 30 5200 5200 1592540800 1592540800 2717873636.804051 603591554.134240 10000.000000 0.000000 0.000000
 71 29 0 33 5200 5200 1592540800 1592540800 2616454486.346022 603591052.525193 10000.000000 0.000000 0.000000
 75 30 0 27 5200 5200 1592540800 1592540800 2788283003.418119 603591048.630470 10000.000000 0.000000 0.000000
 76 31 0 2 3600 3600 1592528000 1592528000 2726474459.663053 603593861.970833 10000.000000 0.000000 0.000000
 81 33 0 12 5200 5200 1592540800 1592540800 2642667630.844407 603590629.062305 10000.000000 0.000000 0.000000
 85 34 0 31 5200 5200 1592540800 1592540800 2902289324.240157 603590946.013569 10000.000000 0.000000 0.000000
 86 35 0 21 5200 5200 1592540800 1592540800 2724544711.189057 603590332.678874 10000.000000 0.000000 0.000000
 90 36 0 26 5200 5200 1592540800 1592540800 2736732270.397329 603591456.093709 10000.000000 0.000000 0.000000
 91 37 0 14 5200 5200 1592540800 1592540800 2862167660.111648 603591143.715023 10000.000000 0.000000 0.000000
 100 40 0 7 5600 5600 1592544000 1592544000 2787831386.983055 603593868.976741 10000.000000 0.000000 0.000000
 101 41 0 6 3600 3600 1592528000 1592528000 2777095175.506906 603593971.754677 10000.000000 0.000000 0.000000
 105 42 0 1 5600 5600 1592544000 1592544000 2821914206.136411 603593849.667777 10000.000000 0.000000 0.000000
 106 43 0 17 5200 5200 1592540800 1592540800 2902695366.084638 603590638.234387 10000.000000 0.000000 0.000000
 110 44 0 22 5200 5200 1592540800 1592540800 2689466967.160755 603591042.122097 10000.000000 0.000000 0.000000
 116 47 0 16 5200 5200 1592540800 1592540800 2766883480.620025 603591046.296229 10000.000000 0.000000 0.000000
 125 50 0 19 5200 5200 1592540800 1592540800 3037761213.991883 603591152.288525 10000.000000 0.000000 0.000000
 126 51 0 29 5200 5200 1592540800 1592540800 2991670540.977660 603590744.300104 10000.000000 0.000000 0.000000
 131 53 0 34 5200 5200 1592540800 1592540800 2708463747.233033 603591659.076274 10000.000000 0.000000 0.000000
 135 54 0 18 5200 5200 1592540800 1592540800 2927961905.168282 603591454.670227 10000.000000 0.000000 0.000000
 140 56 0 25 5200 5200 1592540800 1592540800 2984163576.203918 603590641.046090 10000.000000 0.000000 0.000000
 141 57 0 4 3600 3600 1592528000 1592528000 2781055321.448010 603594571.528812 10000.000000 0.000000 0.000000
 145 58 0 13 5200 5200 1592540800 1592540800 2776159290.602860 603590336.264051 10000.000000 0.000000 0.000000
 146 59 0 15 5200 5200 1592540800 1592540800 2710124009.740378 603590641.244452 10000.000000 0.000000 0.000000
 150 60 0 35 5200 5200 1592540800 1592540800 2731131596.881824 603591565.307783 10000.000000 0.000000 0.000000
 156 63 0 24 5200 5200 1592540800 1592540800 3231904895.802656 603591043.665508 10000.000000 0.000000 0.000000
 160 64 0 9 5200 5200 1592540800 1592540800 2586191472.825538 603590337.839521 10000.000000 0.000000 0.000000
 165 66 0 8 5200 5200 1592540800 1592540800 2610241612.879016 603590633.799460 10000.000000 0.000000 0.000000