# Format <LP id> <Terminal ID> <Total Data Sent> <Total Data Received> <Avg packet latency> <Max packet Latency> <Min packet Latency> <# Packets finished> <Avg Hops> <Busy Time>
2 0 0 0 -nan 0.000000 2147483647.000000 0 -nan 0.000000
3 1 600004000 600004000 30955.419176 408799.500263 204.124657 147512 3.805948 397209740.222901
7 2 600004800 600004800 43430.133627 383830.314248 204.578517 147612 4.632001 374872723.959971
8 3 600000800 600000800 36874.177716 407329.242346 305.219606 147112 4.070477 404577443.888312
12 4 0 0 -nan 0.000000 2147483647.000000 0 -nan 0.000000
13 5 600004000 600004000 31629.475650 290350.397193 203.456531 147512 4.172088 387549452.857787
17 6 600004000 600004000 31827.813481 326424.696894 207.575707 147512 3.682168 340662969.927752
18 7 600004000 600004000 37473.899361 333938.378195 305.075549 147512 4.498319 386340534.483227
22 8 600004000 600004000 38420.445583 432080.337904 204.287567 147512 4.566069 388266265.346184
23 9 600004000 600004000 44826.106202 559110.568209 204.787614 147512 4.622627 404026134.325979
27 10 0 0 -nan 0.000000 2147483647.000000 0 -nan 0.000000
28 11 600004000 600004000 41801.153495 415826.144637 305.535691 147512 4.639290 389254315.093347
32 12 600000800 600000800 48517.369265 442130.984411 102.875890 147112 4.648887 415181715.653511
33 13 600004000 600004000 40498.999324 412347.864130 203.729856 147512 4.321825 400081673.778726
37 14 0 0 -nan 0.000000 2147483647.000000 0 -nan 0.000000
38 15 600004000 600004000 36717.233588 375084.372635 203.575359 147512 4.170637 377317222.978087
42 16 0 0 -nan 0.000000 2147483647.000000 0 -nan 0.000000
43 17 0 0 -nan 0.000000 2147483647.000000 0 -nan 0.000000
47 18 600004800 600004800 40838.618197 398815.954461 305.574709 147612 4.596638 407147334.959172
48 19 0 0 -nan 0.000000 2147483647.000000 0 -nan 0.000000
52 20 0 0 -nan 0.000000 2147483647.000000 0 -nan 0.000000
53 21 600004000 600004000 36423.219457 449064.802987 203.982529 147512 4.523734 372013958.413586
57 22 0 0 -nan 0.000000 2147483647.000000 0 -nan 0.000000
58 23 600004000 600004000 34247.824600 291166.964033 208.173300 147512 4.066259 381121691.095584
62 24 600004800 600004800 47041.088632 466618.694844 103.432745 147612 4.338089 411501471.199871
63 25 600004000 600004000 43464.749219 475242.328957 204.951287 147512 4.620519 397386904.637669
67 26 600004000 600004000 37588.276947 352849.096822 204.634083 147512 4.208993 365358636.496661
68 27 0 0 -nan 0.000000 2147483647.000000 0 -nan 0.000000
72 28 600004000 600004000 39130.160400 377483.578291 203.969675 147512 4.264697 363759831.006309
73 29 0 0 -nan 0.000000 2147483647.000000 0 -nan 0.000000
77 30 0 0 -nan 0.000000 2147483647.000000 0 -nan 0.000000
78 31 0 0 -nan 0.000000 2147483647.000000 0 -nan 0.000000
82 32 600004000 600004000 33266.590126 498944.461536 305.443874 147512 4.674474 355596785.724033
83 33 0 0 -nan 0.000000 2147483647.000000 0 -nan 0.000000
87 34 0 0 -nan 0.000000 2147483647.000000 0 -nan 0.000000
88 35 0 0 -nan 0.000000 2147483647.000000 0 -nan 0.000000
92 36 0 0 -nan 0.000000 2147483647.000000 0 -nan 0.000000
93 37 0 0 -nan 0.000000 2147483647.000000 0 -nan 0.000000
97 38 600000800 600000800 36926.681235 364529.587198 203.555801 147112 4.102894 389163376.420085
98 39 600004000 600004000 45352.778004 423085.999535 207.927407 147512 5.003851 412582364.964478
102 40 0 0 -nan 0.000000 2147483647.000000 0 -nan 0.000000
103 41 0 0 -nan 0.000000 2147483647.000000 0 -nan 0.000000
107 42 0 0 -nan 0.000000 2147483647.000000 0 -nan 0.000000
108 43 0 0 -nan 0.000000 2147483647.000000 0 -nan 0.000000
112 44 0 0 -nan 0.000000 2147483647.000000 0 -nan 0.000000
113 45 600004000 600004000 32411.860156 383452.278618 305.109429 147512 4.464010 346566600.290439
117 46 600004000 600004000 32232.696845 319224.881371 304.980269 147512 4.521097 332763974.387412
118 47 0 0 -nan 0.000000 2147483647.000000 0 -nan 0.000000
122 48 600004000 600004000 23575.020290 313616.428692 203.437137 147512 3.643283 402288041.192618
123 49 600004000 600004000 25070.195614 337758.203760 103.050675 147512 3.352046 391991027.448210
127 50 0 0 -nan 0.000000 2147483647.000000 0 -nan 0.000000
128 51 0 0 -nan 0.000000 2147483647.000000 0 -nan 0.000000
132 52 600004000 600004000 35001.273831 402174.603870 305.227746 147512 4.258162 379608921.012540
133 53 0 0 -nan 0.000000 2147483647.000000 0 -nan 0.000000
137 54 0 0 -nan 0.000000 2147483647.000000 0 -nan 0.000000
138 55 600004000 600004000 31919.633346 427816.526232 304.960136 147512 4.564985 388979904.984645
142 56 0 0 -nan 0.000000 2147483647.000000 0 -nan 0.000000
143 57 0 0 -nan 0.000000 2147483647.000000 0 -nan 0.000000
147 58 0 0 -nan 0.000000 2147483647.000000 0 -nan 0.000000
148 59 0 0 -nan 0.000000 2147483647.000000 0 -nan 0.000000
152 60 0 0 -nan 0.000000 2147483647.000000 0 -nan 0.000000
153 61 600004000 600004000 32732.907436 336119.636919 304.660066 147512 4.320137 374347239.903442
157 62 600004000 600004000 34786.075107 360702.717654 304.852334 147512 4.491709 342883342.159566
158 63 0 0 -nan 0.000000 2147483647.000000 0 -nan 0.000000
162 64 0 0 -nan 0.000000 2147483647.000000 0 -nan 0.000000
163 65 600000800 600000800 30289.789997 303168.251099 304.921070 147112 3.728975 377260306.220848
167 66 0 0 -nan 0.000000 2147483647.000000 0 -nan 0.000000
168 67 600004000 600004000 31794.840055 320332.111460 203.982055 147512 3.763233 380697289.026042
172 68 600004000 600004000 34649.590642 360723.750030 304.845060 147512 4.534621 407964910.841760
173 69 600004000 600004000 35875.582918 333997.325267 207.498116 147512 4.284119 394675236.358760
177 70 600004800 600004800 37882.636737 372431.217421 204.375504 147612 3.590900 388075867.596482
178 71 600004000 600004000 33333.679090 366785.098580 203.789103 147512 3.957556 343650454.973083
