
 1 1 0 19 1112 1112 600004000 600004000 941913787.963755 258641137.646142 200000000.000000 0.000000 0.000000
 5 2 0 3 1212 1212 600004800 600004800 946104750.192879 258640934.148736 200000000.000000 0.000000 0.000000
 6 3 0 6 712 712 600000800 600000800 979567260.712566 258640528.517607 200000000.000000 0.000000 0.000000
 11 5 0 23 1112 1112 600004000 600004000 889805374.990035 258641336.387081 200000000.000000 0.000000 0.000000
 15 6 0 18 1112 1112 600004000 600004000 906793680.703100 258640832.250053 200000000.000000 0.000000 0.000000
 16 7 0 28 1112 1112 600004000 600004000 933120650.803075 258641338.376535 200000000.000000 0.000000 0.000000
 20 8 0 14 1112 1112 600004000 600004000 960305028.655544 258640827.015652 200000000.000000 0.000000 0.000000
 21 9 0 27 1112 1112 600004000 600004000 978541181.923465 258641641.185606 200000000.000000 0.000000 0.000000
 26 11 0 9 1112 1112 600004000 600004000 919689875.126469 258640831.992230 200000000.000000 0.000000 0.000000
 30 12 0 0 712 712 600000800 600000800 984058992.938146 258640416.450610 200000000.000000 0.000000 0.000000
 31 13 0 34 1112 1112 600004000 600004000 1020503245.161880 258640824.419585 200000000.000000 0.000000 0.000000
 36 15 0 30 1112 1112 600004000 600004000 932107269.885863 258641027.053906 200000000.000000 0.000000 0.000000
 45 18 0 5 1212 1212 600004800 600004800 887334474.718191 258641034.843464 200000000.000000 0.000000 0.000000
 51 21 0 13 1112 1112 600004000 600004000 861923110.585320 258641446.689364 200000000.000000 0.000000 0.000000
 56 23 0 26 1112 1112 600004000 600004000 865125102.349181 258641238.925515 200000000.000000 0.000000 0.000000
 60 24 0 1 1212 1212 600004800 600004800 923626058.824465 258640827.809764 200000000.000000 0.000000 0.000000
 61 25 0 35 1112 1112 600004000 600004000 917202503.543759 258641225.672307 200000000.000000 0.000000 0.000000
 65 26 0 29 1112 1112 600004000 600004000 874430127.490550 258641644.028839 200000000.000000 0.000000 0.000000
 70 28 0 33 1112 1112 600004000 600004000 883919398.164754 258641443.334489 200000000.000000 0.000000 0.000000
 80 32 0 22 1112 1112 600004000 600004000 854431795.626302 258640931.404427 200000000.000000 0.000000 0.000000
 95 38 0 2 712 712 600000800 600000800 912401620.047983 258640429.729174 200000000.000000 0.000000 0.000000
 96 39 0 8 1112 1112 600004000 600004000 910710784.909206 258640525.798846 200000000.000000 0.000000 0.000000
 111 45 0 15 1112 1112 600004000 600004000 824038006.423093 258641229.930319 200000000.000000 0.000000 0.000000
 115 46 0 25 1112 1112 600004000 600004000 817419809.095878 258641135.746183 200000000.000000 0.000000 0.000000
 120 48 0 12 1112 1112 600004000 600004000 864029194.080354 258640829.002403 200000000.000000 0.000000 0.000000
 121 49 0 20 1112 1112 600004000 600004000 864100174.102736 258640831.997975 200000000.000000 0.000000 0.000000
 130 52 0 32 1112 1112 600004000 600004000 875278504.771706 258640932.658419 200000000.000000 0.000000 0.000000
 136 55 0 17 1112 1112 600004000 600004000 853593793.778614 258641235.567980 200000000.000000 0.000000 0.000000
 151 61 0 24 1112 1112 600004000 600004000 854471002.852022 258641033.623266 200000000.000000 0.000000 0.000000
 155 62 0 31 1112 1112 600004000 600004000 854866953.807378 258641630.640865 200000000.000000 0.000000 0.000000
 161 65 0 4 712 712 600000800 600000800 964473071.619714 258640628.870486 200000000.000000 0.000000 0.000000
 166 67 0 11 1112 1112 600004000 600004000 924305521.694147 258641542.460745 200000000.000000 0.000000 0.000000
 170 68 0 21 1112 1112 600004000 600004000 926616468.052821 258641236.041946 200000000.000000 0.000000 0.000000
 171 69 0 10 1112 1112 600004000 600004000 939331809.118236 258640938.034934 200000000.000000 0.000000 0.000000
 175 70 0 7 1212 1212 600004800 600004800 957020843.643923 258640729.249327 200000000.000000 0.000000 0.000000
 176 71 0 16 1112 1112 600004000 600004000 913296006.600275 258640628.005223 200000000.000000 0.000000 0.000000