# Format <LP id> <Terminal ID> <Total Data Sent> <Total Data Received> <Avg packet latency> <Max packet Latency> <Min packet Latency> <# Packets finished> <Avg Hops> <Busy Time>
2 0 600000800 600000800 27265.514924 424520.531299 105.003165 147112 3.184329 337655823.311642
3 1 600004800 600004800 27819.402873 428663.073333 102.280484 147612 3.183948 352836204.865528
7 2 600000800 600000800 24709.406516 366517.959193 105.016305 147112 3.140546 309862101.220906
8 3 600004800 600004800 25737.717879 375216.607275 102.940464 147612 3.135077 320387537.460339
12 4 600000800 600000800 27318.272009 405957.348456 104.952475 147112 3.177593 323069094.159591
13 5 600004800 600004800 29532.423551 413911.941640 103.322895 147612 3.172804 364094716.380167
17 6 600000800 600000800 29328.317904 466713.660206 105.009349 147112 3.230450 372144175.704089
18 7 600004800 600004800 31363.306029 377323.290753 103.712486 147612 3.235265 347627973.036864
22 8 600004000 600004000 30149.873904 410086.085011 104.883779 147512 3.551704 372865410.079484
23 9 600004000 600004000 31241.366279 474701.101118 102.606367 147512 3.561337 340921134.978557
27 10 600004000 600004000 32085.685123 459837.667896 105.194800 147512 3.560395 337261888.032746
28 11 600004000 600004000 32851.147115 451211.386104 103.236379 147512 3.558226 301266905.540995
32 12 600004000 600004000 32406.321872 523110.984902 105.131036 147512 3.570299 373956782.234179
33 13 600004000 600004000 33000.635712 515455.364795 103.633577 147512 3.574021 336738165.590347
37 14 600004000 600004000 32491.660513 402251.630172 104.911694 147512 3.525320 332423596.749436
38 15 600004000 600004000 32819.380296 422988.972118 103.154876 147512 3.534390 326612684.320753
42 16 600004000 600004000 28536.571078 430981.615197 104.788651 147512 3.106656 351203759.936367
43 17 600004000 600004000 28628.915952 400738.298353 102.513866 147512 3.087471 356430281.938699
47 18 600004000 600004000 26160.299835 365345.620613 105.108190 147512 3.096548 360129546.709198
48 19 600004000 600004000 27036.290585 368588.541084 102.807471 147512 3.091165 355607210.960616
52 20 600004000 600004000 26261.737047 412643.583783 105.051938 147512 3.115835 389192958.148724
53 21 600004000 600004000 26388.727126 421928.570294 103.077042 147512 3.114357 344477279.116409
57 22 600004000 600004000 27901.360860 465904.380065 105.179655 147512 3.137263 315666415.293837
58 23 600004000 600004000 29037.319932 479539.641778 103.049926 147512 3.129867 303042018.732770
62 24 600004000 600004000 30038.665096 403126.632103 105.187336 147512 3.213840 345455663.724747
63 25 600004000 600004000 31749.060090 407820.503574 102.920068 147512 3.223317 346205125.003657
67 26 600004000 600004000 27768.200603 380335.612152 105.176836 147512 3.173023 357502246.082530
68 27 600004000 600004000 29449.139617 391838.533571 102.526617 147512 3.179219 362584783.461573
72 28 600004000 600004000 25950.975276 361245.367747 105.127394 147512 3.091220 372138151.023591
73 29 600004000 600004000 26019.540763 354581.599466 103.068779 147512 3.082997 376670396.518158
77 30 600004000 600004000 26990.001252 352295.881511 104.769986 147512 3.159573 316401072.635860
78 31 600004000 600004000 27404.350075 374073.183573 102.306134 147512 3.161594 335912169.170404
82 32 600004000 600004000 31436.658059 446915.325424 105.083854 147512 3.621861 348816146.889329
83 33 600004000 600004000 33106.581991 448308.781343 103.132779 147512 3.623834 331005292.283600
87 34 600004000 600004000 32079.920137 418448.931539 105.170988 147512 3.625997 349589405.593783
88 35 600004000 600004000 34520.612670 413924.439526 103.009231 147512 3.621807 343760516.376383
92 36 1592528000 1592528000 26542.611501 373298.446110 104.659471 390800 3.079903 491224114.596293
93 37 1592544000 1592544000 26493.702926 377182.076764 104.775995 392800 3.089534 483454879.968502
97 38 1592528000 1592528000 27126.631927 337152.687973 104.983629 390800 3.076494 480902385.479776
98 39 1592544000 1592544000 27052.450006 348017.182672 104.612119 392800 3.080990 470890273.770507
102 40 1592528000 1592528000 24266.660901 408175.079209 104.489618 390800 2.727723 478777037.062936
103 41 1592544000 1592544000 24414.382804 409240.706641 104.752346 392800 2.730919 482180800.618523
107 42 1592528000 1592528000 23303.121983 364032.511388 104.863257 390800 2.699562 449807128.766004
108 43 1592544000 1592544000 23328.640811 364501.916863 104.954827 392800 2.704962 448566527.774331
112 44 1592540800 1592540800 23435.283329 341419.808361 104.833134 392400 2.772258 471798506.631507
113 45 1592540800 1592540800 23442.488159 387478.202343 104.891313 392400 2.768545 468717430.448399
117 46 1592540800 1592540800 24975.269338 419383.899363 104.964037 392400 2.798767 469828579.559313
118 47 1592540800 1592540800 24919.470155 414141.837299 104.973260 392400 2.794615 469993985.314474
122 48 1592540800 1592540800 27071.697383 365142.238884 104.929744 392400 2.747844 454674247.059918
123 49 1592540800 1592540800 26709.378286 342417.401653 104.996875 392400 2.740805 447533744.364075
127 50 1592540800 1592540800 25684.317690 399103.260349 104.706432 392400 2.725227 441026664.396528
128 51 1592540800 1592540800 25611.995319 390870.758604 104.831029 392400 2.723744 456940210.500170
132 52 1592540800 1592540800 24335.118695 400441.456864 104.987893 392400 2.701853 483942393.379827
133 53 1592540800 1592540800 24279.646998 393894.543942 104.801295 392400 2.699100 478413813.567690
137 54 1592540800 1592540800 23900.892739 370675.640742 104.985383 392400 2.724388 459747792.409844
138 55 1592540800 1592540800 24204.661431 416888.322304 104.751479 392400 2.722755 462156454.443866
142 56 1592540800 1592540800 26202.066060 380017.293911 104.870023 392400 3.045127 482937947.986316
143 57 1592540800 1592540800 26166.673975 375366.426785 104.839738 392400 3.047304 485685833.976517
147 58 1592540800 1592540800 25530.092026 378952.312627 104.964526 392400 3.071272 477185187.651280
148 59 1592540800 1592540800 25317.819525 393162.339031 104.929099 392400 3.068948 486695508.153170
152 60 1592540800 1592540800 26622.170182 415840.248509 104.926442 392400 3.038682 465905465.221746
153 61 1592540800 1592540800 26727.997597 425547.264017 104.809221 392400 3.037566 467148145.359609
157 62 1592540800 1592540800 27486.150732 424581.870054 104.713877 392400 3.043305 432370670.039716
158 63 1592540800 1592540800 27628.898745 436364.156394 105.018745 392400 3.043744 441561275.379557
162 64 1592540800 1592540800 25581.537008 382157.396065 104.972957 392400 2.796055 463055818.567838
163 65 1592540800 1592540800 25560.613375 342766.851242 104.836542 392400 2.790866 466530293.659050
167 66 1592540800 1592540800 24553.357411 381719.841206 104.805884 392400 2.770833 480054069.083865
168 67 1592540800 1592540800 24546.707363 412752.657849 104.969811 392400 2.769299 468079022.735088
172 68 1592540800 1592540800 23060.114229 402269.197226 104.882918 392400 2.731972 477268223.220957
173 69 1592540800 1592540800 22821.689178 452770.592366 104.945185 392400 2.730935 476083284.331090
177 70 1592540800 1592540800 24436.643513 386812.563946 104.991476 392400 2.778598 451321765.724099
178 71 1592540800 1592540800 24594.090307 367618.961274 104.839749 392400 2.778782 448236257.115882
