# Format <LP ID> <Terminal ID> <Job ID> <Local Rank> <Total sends> <Total Recvs> <Bytes sent> <Bytes recvd> <Send time> <Comm. time> <Compute time> <Avg msg time> <Max Msg Time>
 0 0 0 0 712 712 600000800 600000800 895495658.270699 275599122.557366 200000000.000000 0.000000 0.000000
 1 1 0 1 1212 1212 600004800 600004800 891664268.491012 275599011.771741 200000000.000000 0.000000 0.000000
 5 2 0 2 712 712 600000800 600000800 898213061.713441 275598807.044744 200000000.000000 0.000000 0.000000
 6 3 0 3 1212 1212 600004800 600004800 902196715.683119 275598216.785025 200000000.000000 0.000000 0.000000
 10 4 0 4 712 712 600000800 600000800 987425588.653371 275598615.479511 200000000.000000 0.000000 0.000000
 11 5 0 5 1212 1212 600004800 600004800 974890444.202818 275598922.163581 200000000.000000 0.000000 0.000000
 15 6 0 6 712 712 600000800 600000800 1001109327.321385 275598719.137929 200000000.000000 0.000000 0.000000
 16 7 0 7 1212 1212 600004800 600004800 978789141.226715 275598917.611200 200000000.000000 0.000000 0.000000
 20 8 0 8 1112 1112 600004000 600004000 914907657.282414 275598613.841758 200000000.000000 0.000000 0.000000
 21 9 0 9 1112 1112 600004000 600004000 909132468.295622 275598415.113679 200000000.000000 0.000000 0.000000
 25 10 0 10 1112 1112 600004000 600004000 904142996.493698 275598415.632105 200000000.000000 0.000000 0.000000
 26 11 0 11 1112 1112 600004000 600004000 888854880.367243 275598518.114208 200000000.000000 0.000000 0.000000
 30 12 0 12 1112 1112 600004000 600004000 932455923.984986 275598917.696064 200000000.000000 0.000000 0.000000
 31 13 0 13 1112 1112 600004000 600004000 914787787.648657 275599122.763909 200000000.000000 0.000000 0.000000
 35 14 0 14 1112 1112 600004000 600004000 928020322.804528 275599220.694029 200000000.000000 0.000000 0.000000
 36 15 0 15 1112 1112 600004000 600004000 912280551.325840 275599425.866965 200000000.000000 0.000000 0.000000
 40 16 0 16 1112 1112 600004000 600004000 925849447.352478 275599022.076416 200000000.000000 0.000000 0.000000
 41 17 0 17 1112 1112 600004000 600004000 912642186.154639 275598913.306708 200000000.000000 0.000000 0.000000
 45 18 0 18 1112 1112 600004000 600004000 946440887.730381 275598819.387699 200000000.000000 0.000000 0.000000
 46 19 0 19 1112 1112 600004000 600004000 928466072.541994 275599019.867119 200000000.000000 0.000000 0.000000
 50 20 0 20 1112 1112 600004000 600004000 990397556.818251 275598914.204957 200000000.000000 0.000000 0.000000
 51 21 0 21 1112 1112 600004000 600004000 959224458.247375 275599525.636991 200000000.000000 0.000000 0.000000
 55 22 0 22 1112 1112 600004000 600004000 946937678.989447 275599324.302702 200000000.000000 0.000000 0.000000
 56 23 0 23 1112 1112 600004000 600004000 923302606.290411 275599525.201749 200000000.000000 0.000000 0.000000
 60 24 0 24 1112 1112 600004000 600004000 934952159.140428 275599020.330276 200000000.000000 0.000000 0.000000
 61 25 0 25 1112 1112 600004000 600004000 911929461.893361 275599018.226657 200000000.000000 0.000000 0.000000
 65 26 0 26 1112 1112 600004000 600004000 946073884.941760 275598918.660224 200000000.000000 0.000000 0.000000
 66 27 0 27 1112 1112 600004000 600004000 930396364.350188 275599123.103058 200000000.000000 0.000000 0.000000
 70 28 0 28 1112 1112 600004000 600004000 984581010.517925 275599223.149669 200000000.000000 0.000000 0.000000
 71 29 0 29 1112 1112 600004000 600004000 970830785.566391 275599427.590762 200000000.000000 0.000000 0.000000
 75 30 0 30 1112 1112 600004000 600004000 939125369.237180 275599626.823647 200000000.000000 0.000000 0.000000
 76 31 0 31 1112 1112 600004000 600004000 930562647.949887 275599831.615905 200000000.000000 0.000000 0.000000
 80 32 0 32 1112 1112 600004000 600004000 916546446.393062 275599526.516492 200000000.000000 0.000000 0.000000
 81 33 0 33 1112 1112 600004000 600004000 878179880.702402 275599417.416644 200000000.000000 0.000000 0.000000
 85 34 0 34 1112 1112 600004000 600004000 928978633.639636 275599222.880095 200000000.000000 0.000000 0.000000
 86 35 0 35 1112 1112 600004000 600004000 898721142.898158 275599426.911240 200000000.000000 0.000000 0.000000
 90 36 1 0 3600 3600 1592528000 1592528000 2859759367.532672 645822904.988980 10000.000000 0.000000 0.000000
 91 37 1 1 5600 5600 1592544000 1592544000 2862559205.011913 645822800.828677 10000.000000 0.000000 0.000000
 95 38 1 2 3600 3600 1592528000 1592528000 2847804389.920184 645822695.694729 10000.000000 0.000000 0.000000
 96 39 1 3 5600 5600 1592544000 1592544000 2858318576.778180 645822592.818084 10000.000000 0.000000 0.000000
 100 40 1 4 3600 3600 1592528000 1592528000 2885691749.590113 645822593.561066 10000.000000 0.000000 0.000000
 101 41 1 5 5600 5600 1592544000 1592544000 2884752154.993743 645822486.698190 10000.000000 0.000000 0.000000
 105 42 1 6 3600 3600 1592528000 1592528000 2889892849.134994 645822798.529501 10000.000000 0.000000 0.000000
 106 43 1 7 5600 5600 1592544000 1592544000 2898654834.038931 645822693.758857 10000.000000 0.000000 0.000000
 110 44 1 8 5200 5200 1592540800 1592540800 2989128401.784019 645819682.082209 10000.000000 0.000000 0.000000
 111 45 1 9 5200 5200 1592540800 1592540800 2979465962.551457 645819473.848328 10000.000000 0.000000 0.000000
 115 46 1 10 5200 5200 1592540800 1592540800 2988521354.698146 645819166.258487 10000.000000 0.000000 0.000000
 116 47 1 11 5200 5200 1592540800 1592540800 2998502807.208123 645819372.010290 10000.000000 0.000000 0.000000
 120 48 1 12 5200 5200 1592540800 1592540800 2856548473.984820 645819683.467194 10000.000000 0.000000 0.000000
 121 49 1 13 5200 5200 1592540800 1592540800 2860764937.102642 645819476.371857 10000.000000 0.000000 0.000000
 125 50 1 14 5200 5200 1592540800 1592540800 2848215659.634059 645819265.487939 10000.000000 0.000000 0.000000
 126 51 1 15 5200 5200 1592540800 1592540800 2857314159.510180 645819572.947432 10000.000000 0.000000 0.000000
 130 52 1 16 5200 5200 1592540800 1592540800 2987596640.734096 645820093.850962 10000.000000 0.000000 0.000000
 131 53 1 17 5200 5200 1592540800 1592540800 2981881218.073251 645819989.118725 10000.000000 0.000000 0.000000
 135 54 1 18 5200 5200 1592540800 1592540800 2991409849.771553 645819678.335773 10000.000000 0.000000 0.000000
 136 55 1 19 5200 5200 1592540800 1592540800 2998021260.988764 645819685.490671 10000.000000 0.000000 0.000000
 140 56 1 20 5200 5200 1592540800 1592540800 2972446497.042368 645819681.211805 10000.000000 0.000000 0.000000
 141 57 1 21 5200 5200 1592540800 1592540800 2971506752.072104 645819474.678124 10000.000000 0.000000 0.000000
 145 58 1 22 5200 5200 1592540800 1592540800 2913961213.841621 645819270.893877 10000.000000 0.000000 0.000000
 146 59 1 23 5200 5200 1592540800 1592540800 2910487389.607350 645819575.066723 10000.000000 0.000000 0.000000
 150 60 1 24 5200 5200 1592540800 1592540800 2829776507.395450 645820094.941140 10000.000000 0.000000 0.000000
 151 61 1 25 5200 5200 1592540800 1592540800 2838936741.928054 645820092.926178 10000.000000 0.000000 0.000000
 155 62 1 26 5200 5200 1592540800 1592540800 2820638653.460953 645819680.842520 10000.000000 0.000000 0.000000
 156 63 1 27 5200 5200 1592540800 1592540800 2818633418.078965 645819677.770759 10000.000000 0.000000 0.000000
 160 64 1 28 5200 5200 1592540800 1592540800 2942945467.554627 645820297.587828 10000.000000 0.000000 0.000000
 161 65 1 29 5200 5200 1592540800 1592540800 2945778868.728559 645819783.533830 10000.000000 0.000000 0.000000
 165 66 1 30 5200 5200 1592540800 1592540800 3008437972.671178 645819678.720747 10000.000000 0.000000 0.000000
 166 67 1 31 5200 5200 1592540800 1592540800 3003630437.735039 645819985.425585 10000.000000 0.000000 0.000000
 170 68 1 32 5200 5200 1592540800 1592540800 2978670595.148634 645820504.618713 10000.000000 0.000000 0.000000
 171 69 1 33 5200 5200 1592540800 1592540800 2986596801.978149 645820400.886111 10000.000000 0.000000 0.000000
 175 70 1 34 5200 5200 1592540800 1592540800 2946045711.560585 645820190.872784 10000.000000 0.000000 0.000000
 176 71 1 35 5200 5200 1592540800 1592540800 2941504749.662963 645820298.937634 10000.000000 0.000000 0.000000